1000201675
1000106797
1000035537
3824377
3824361
3824373
3824363
3824359
1000363941
3824357
3830061
3522830
3830063
1000379105
1000335691
3824381
1000124687
1000705632
1000066811
1000428255
1000428257
1000250837
1000066353
1000465307
3824383
1000428259
1000348195
3544330
3851985
3085917
1000107179
3347060
3049981
3240977
1000502155
1000499921
3544328
1000258401
1000790794
3725272
3547036
3725274
1000500821
1000189857
1000796208
1000486137
3283092
3377220
3512832
3522836
3512455
1000428247
1000721052
3824365
1000348185
1000386553
3512826
1000428251
1000428253
1000121067
1000437047
1000438007
1000437043
1000422251
1000422249